-1 2
2 3
-3 3
4 5
-5 4
6 5
-7 8
8 4
-9 1
10 2
-11 3
12 3
-13 4
14 4
-15 3
16 2
-17 3
18 8
-19 9
20 10
-21 7
22 6
-23 5
24 4
-25 3
26 3
-27 4
28 8
-29 11
30 9
-31 2
32 3
-33 3
34 5
-35 4
36 5
-37 8
38 4
-39 1
40 2
-41 3
42 3
-43 4
44 4
-45 3
46 2
-47 3
48 8
-49 9
50 10
-51 7
52 6
-53 5
54 4
-55 3
56 3
-57 4
58 8
-59 11
60 9
-61 2
62 3
-63 3
64 5
-65 4
66 5
-67 8
68 4
-69 1
70 2
-71 3
72 3
-73 4
74 4
-75 3
76 2
-77 3
78 8
-79 9
80 10
-81 7
82 6
-83 5
84 4
-85 3
86 3
-87 4
88 8
-89 11
90 9
-91 2
92 3
-93 3
94 5
-95 4
96 5
-97 8
98 4
-99 1
100 2
-101 3
102 3
-103 4
104 4
-105 3
106 2
-107 3
108 8
-109 9
110 10
-111 7
112 6
-113 5
114 4
-115 3
116 3
-117 4
118 8
-119 11
120 9