-0.99921012 6
-0.99584053 4
-0.9897879 3
-0.9810672 7
-0.96970179 3
-0.95572226 7
-0.93916628 4
-0.92007848 6
-0.89851031 9
-0.87451992 2
-0.84817198 3
-0.81953753 0
-0.78869374 8
-0.75572378 3
-0.72071651 4
-0.68376633 5
-0.64497283 9
-0.6044406 6
-0.5622789 8
-0.5186014 2
-0.47352584 5
-0.42717374 7
-0.37967006 5
-0.33114285 2
-0.28172294 4
-0.23154355 7
-0.18073996 9
-0.12944914 6
-0.07780933 5
-0.02595977 3
0.02595977 2
0.07780933 9
0.12944914 8
0.18073996 6
0.23154355 4
0.28172294 3
0.33114285 5
0.37967006 8
0.42717374 6
0.47352584 5
0.5186014 1
0.5622789 2
0.6044406 3
0.64497283 4
0.68376633 5
0.72071651 4
0.75572378 9
0.78869374 8
0.81953753 6
0.84817198 3
0.87451992 5
0.89851031 1
0.92007848 2
0.93916628 0
0.95572226 6
0.96970179 2
0.9810672 9
0.9897879 3
0.99584053 6
0.99921012 8