-9.739065285171717434e-01 6.667321390229587585e+00
-8.650633666889845363e-01 7.464451768530372178e+00
-6.794095682990244356e-01 5.559481648429215106e+00
-4.333953941292472134e-01 7.896828079849249171e+00
-1.488743389816312157e-01 6.462581015856248001e+00
1.488743389816312157e-01 5.970322132093809131e+00
4.333953941292472134e-01 9.807428715975381905e+00
6.794095682990244356e-01 9.191252091209532793e+00
8.650633666889845363e-01 5.712435376250094343e+00
9.739065285171717434e-01 9.079140974613086001e+00
